4 4
1 0.640258 4 0.528536 
2 0.280443 0 0.640258 5 0.593335 
3 0.212331 1 0.280443 6 0.802681 
2 0.212331 7 0.556235 
0 0.528536 5 0.990764 8 0.182057 
1 0.593335 6 0.295991 4 0.990764 9 0.928636 
2 0.802681 7 0.839502 5 0.295991 10 0.998403 
3 0.556235 6 0.839502 11 0.232123 
4 0.182057 9 0.816838 12 0.625678 
5 0.928636 10 0.551685 8 0.816838 13 0.062402 
6 0.998403 11 0.350315 9 0.551685 14 0.132126 
7 0.232123 10 0.350315 15 0.168486 
8 0.625678 13 0.361310 
9 0.062402 14 0.868217 12 0.361310 
10 0.132126 15 0.048740 13 0.868217 
11 0.168486 14 0.048740 
