10 10
1 0.904222 10 0.009880 
2 0.893088 0 0.904222 11 0.554211 
3 0.352543 1 0.893088 12 0.196677 
4 0.896868 2 0.352543 13 0.744740 
5 0.230935 3 0.896868 14 0.292005 
6 0.578330 4 0.230935 15 0.573896 
7 0.499181 5 0.578330 16 0.636881 
8 0.363234 6 0.499181 17 0.979481 
9 0.681648 7 0.363234 18 0.652175 
8 0.681648 19 0.263146 
0 0.009880 11 0.506179 20 0.107933 
1 0.554211 12 0.659968 10 0.506179 21 0.236916 
2 0.196677 13 0.562599 11 0.659968 22 0.999259 
3 0.744740 14 0.936802 12 0.562599 23 0.571583 
4 0.292005 15 0.660866 13 0.936802 24 0.771636 
5 0.573896 16 0.631628 14 0.660866 25 0.371536 
6 0.636881 17 0.675858 15 0.631628 26 0.641508 
7 0.979481 18 0.264624 16 0.675858 27 0.230069 
8 0.652175 19 0.994051 17 0.264624 28 0.461301 
9 0.263146 18 0.994051 29 0.126937 
10 0.107933 21 0.738791 30 0.692236 
11 0.236916 22 0.418942 20 0.738791 31 0.317121 
12 0.999259 23 0.266132 21 0.418942 32 0.918123 
13 0.571583 24 0.954003 22 0.266132 33 0.629365 
14 0.771636 25 0.897604 23 0.954003 34 0.635650 
15 0.371536 26 0.281540 24 0.897604 35 0.160750 
16 0.641508 27 0.141829 25 0.281540 36 0.389473 
17 0.230069 28 0.820718 26 0.141829 37 0.378745 
18 0.461301 29 0.952072 27 0.820718 38 0.819977 
19 0.126937 28 0.952072 39 0.315547 
20 0.692236 31 0.523654 40 0.480843 
21 0.317121 32 0.087184 30 0.523654 41 0.155282 
22 0.918123 33 0.852379 31 0.087184 42 0.763041 
23 0.629365 34 0.796791 32 0.852379 43 0.117003 
24 0.635650 35 0.993110 33 0.796791 44 0.790842 
25 0.160750 36 0.578303 34 0.993110 45 0.120047 
26 0.389473 37 0.529633 35 0.578303 46 0.270539 
27 0.378745 38 0.538990 36 0.529633 47 0.846754 
28 0.819977 39 0.536671 37 0.538990 48 0.457113 
29 0.315547 38 0.536671 49 0.800757 
30 0.480843 41 0.166036 50 0.354717 
31 0.155282 42 0.436408 40 0.166036 51 0.447576 
32 0.763041 43 0.515467 41 0.436408 52 0.578237 
33 0.117003 44 0.837049 42 0.515467 53 0.336184 
34 0.790842 45 0.956982 43 0.837049 54 0.789121 
35 0.120047 46 0.156161 44 0.956982 55 0.272530 
36 0.270539 47 0.312775 45 0.156161 56 0.637004 
37 0.846754 48 0.359713 46 0.312775 57 0.468057 
38 0.457113 49 0.489383 47 0.359713 58 0.122755 
39 0.800757 48 0.489383 59 0.264848 
40 0.354717 51 0.606385 60 0.115865 
41 0.447576 52 0.055689 50 0.606385 61 0.184689 
42 0.578237 53 0.235912 51 0.055689 62 0.585323 
43 0.336184 54 0.455228 52 0.235912 63 0.774902 
44 0.789121 55 0.432077 53 0.455228 64 0.991899 
45 0.272530 56 0.232015 54 0.432077 65 0.232834 
46 0.637004 57 0.157935 55 0.232015 66 0.586732 
47 0.468057 58 0.669242 56 0.157935 67 0.605511 
48 0.122755 59 0.102199 57 0.669242 68 0.247478 
49 0.264848 58 0.102199 69 0.442561 
50 0.115865 61 0.438383 70 0.204461 
51 0.184689 62 0.231681 60 0.438383 71 0.594544 
52 0.585323 63 0.476990 61 0.231681 72 0.544456 
53 0.774902 64 0.231548 62 0.476990 73 0.836703 
54 0.991899 65 0.012514 63 0.231548 74 0.720930 
55 0.232834 66 0.959458 64 0.012514 75 0.277361 
56 0.586732 67 0.327316 65 0.959458 76 0.075323 
57 0.605511 68 0.333051 66 0.327316 77 0.512005 
58 0.247478 69 0.311236 67 0.333051 78 0.918373 
59 0.442561 68 0.311236 79 0.967233 
60 0.204461 71 0.086138 80 0.350450 
61 0.594544 72 0.959131 70 0.086138 81 0.318153 
62 0.544456 73 0.583284 71 0.959131 82 0.117066 
63 0.836703 74 0.904885 72 0.583284 83 0.252526 
64 0.720930 75 0.722578 73 0.904885 84 0.007084 
65 0.277361 76 0.500004 74 0.722578 85 0.165138 
66 0.075323 77 0.445467 75 0.500004 86 0.704465 
67 0.512005 78 0.396820 76 0.445467 87 0.040011 
68 0.918373 79 0.181455 77 0.396820 88 0.941276 
69 0.967233 78 0.181455 89 0.271559 
70 0.350450 81 0.018158 90 0.953790 
71 0.318153 82 0.992489 80 0.018158 91 0.977617 
72 0.117066 83 0.231151 81 0.992489 92 0.319805 
73 0.252526 84 0.052940 82 0.231151 93 0.564201 
74 0.007084 85 0.831809 83 0.052940 94 0.364176 
75 0.165138 86 0.482575 84 0.831809 95 0.799042 
76 0.704465 87 0.450314 85 0.482575 96 0.833025 
77 0.040011 88 0.758173 86 0.450314 97 0.768467 
78 0.941276 89 0.416309 87 0.758173 98 0.875240 
79 0.271559 88 0.416309 99 0.673352 
80 0.953790 91 0.668835 
81 0.977617 92 0.597817 90 0.668835 
82 0.319805 93 0.680436 91 0.597817 
83 0.564201 94 0.168840 92 0.680436 
84 0.364176 95 0.762955 93 0.168840 
85 0.799042 96 0.125903 94 0.762955 
86 0.833025 97 0.873305 95 0.125903 
87 0.768467 98 0.159775 96 0.873305 
88 0.875240 99 0.165914 97 0.159775 
89 0.673352 98 0.165914 
