10 10
1 0.442371 10 0.168070 
2 0.369594 0 0.442371 11 0.982367 
3 0.522183 1 0.369594 12 0.063746 
4 0.372074 2 0.522183 13 0.837528 
5 0.062163 3 0.372074 14 0.945675 
6 0.955985 4 0.062163 15 0.907234 
7 0.467661 5 0.955985 16 0.556412 
8 0.802273 6 0.467661 17 0.393060 
9 0.239263 7 0.802273 18 0.331284 
8 0.239263 19 0.072607 
0 0.168070 11 0.414657 20 0.436377 
1 0.982367 12 0.054387 10 0.414657 21 0.530770 
2 0.063746 13 0.768086 11 0.054387 22 0.431477 
3 0.837528 14 0.807169 12 0.768086 23 0.400121 
4 0.945675 15 0.764797 13 0.807169 24 0.439614 
5 0.907234 16 0.908285 14 0.764797 25 0.137540 
6 0.556412 17 0.881985 15 0.908285 26 0.076355 
7 0.393060 18 0.507134 16 0.881985 27 0.864351 
8 0.331284 19 0.598537 17 0.507134 28 0.570880 
9 0.072607 18 0.598537 29 0.236426 
10 0.436377 21 0.436065 30 0.633043 
11 0.530770 22 0.182101 20 0.436065 31 0.392051 
12 0.431477 23 0.540277 21 0.182101 32 0.649762 
13 0.400121 24 0.948462 22 0.540277 33 0.342550 
14 0.439614 25 0.042822 23 0.948462 34 0.187726 
15 0.137540 26 0.673834 24 0.042822 35 0.115429 
16 0.076355 27 0.602383 25 0.673834 36 0.110211 
17 0.864351 28 0.169816 26 0.602383 37 0.133153 
18 0.570880 29 -1.000000 27 0.169816 38 -1.000000 
19 0.236426 28 0.878297 39 0.940322 
20 0.633043 31 0.278417 40 0.366091 
21 0.392051 32 0.379936 30 0.278417 41 0.186702 
22 0.649762 33 0.503631 31 0.379936 42 0.261921 
23 0.342550 34 0.263056 32 0.503631 43 0.010765 
24 0.187726 35 0.126273 33 0.263056 44 0.861593 
25 0.115429 36 0.581645 34 0.126273 45 0.362698 
26 0.110211 37 0.297659 35 0.581645 46 0.214688 
27 0.133153 38 0.544799 36 0.297659 47 0.689710 
28 0.601294 39 0.754965 37 0.544799 48 0.194561 
29 0.940322 38 0.754965 49 0.638172 
30 0.366091 41 0.097514 50 0.237383 
31 0.186702 42 0.825898 40 0.097514 51 0.771348 
32 0.261921 43 0.352812 41 0.825898 52 0.428281 
33 0.010765 44 0.881559 42 0.352812 53 0.522629 
34 0.861593 45 0.561434 43 0.881559 54 0.759855 
35 0.362698 46 0.123922 44 0.561434 55 0.501756 
36 0.214688 47 0.038273 45 0.123922 56 0.490013 
37 0.689710 48 0.881692 46 0.038273 57 0.224974 
38 0.194561 49 0.993643 47 0.881692 58 0.143614 
39 0.638172 48 0.993643 59 0.488031 
40 0.237383 51 0.004408 60 0.269886 
41 0.771348 52 0.349624 50 0.004408 61 0.586053 
42 0.428281 53 0.632584 51 0.349624 62 0.647283 
43 0.522629 54 0.800742 52 0.632584 63 0.177383 
44 0.759855 55 0.336992 53 0.800742 64 0.555706 
45 0.501756 56 0.371944 54 0.336992 65 0.975164 
46 0.490013 57 0.653221 55 0.371944 66 0.609327 
47 0.224974 58 0.801062 56 0.653221 67 0.424569 
48 0.143614 59 0.962139 57 0.801062 68 0.229343 
49 0.488031 58 0.962139 69 0.306128 
50 0.269886 61 0.484768 70 0.790777 
51 0.586053 62 0.065983 60 0.484768 71 0.608690 
52 0.647283 63 0.292533 61 0.065983 72 0.104256 
53 0.177383 64 0.098703 62 0.292533 73 0.174225 
54 0.555706 65 0.329230 63 0.098703 74 0.092346 
55 0.975164 66 0.317839 64 0.329230 75 0.817261 
56 0.609327 67 0.096754 65 0.317839 76 0.587725 
57 0.424569 68 0.166885 66 0.096754 77 0.682808 
58 0.229343 69 0.220310 67 0.166885 78 0.814168 
59 0.306128 68 0.220310 79 0.483549 
60 0.790777 71 0.397693 80 0.151160 
61 0.608690 72 0.039256 70 0.397693 81 0.769637 
62 0.104256 73 0.126324 71 0.039256 82 0.692476 
63 0.174225 74 0.378965 72 0.126324 83 0.927386 
64 0.092346 75 0.117045 73 0.378965 84 0.341104 
65 0.817261 76 0.156729 74 0.117045 85 0.423173 
66 0.587725 77 0.825872 75 0.156729 86 0.947506 
67 0.682808 78 0.489156 76 0.825872 87 0.434562 
68 0.814168 79 0.240039 77 0.489156 88 0.593412 
69 0.483549 78 0.240039 89 0.533265 
70 0.151160 81 0.414264 90 0.922642 
71 0.769637 82 0.625611 80 0.414264 91 0.732104 
72 0.692476 83 0.739902 81 0.625611 92 0.722365 
73 0.927386 84 0.319829 82 0.739902 93 0.906787 
74 0.341104 85 0.405173 83 0.319829 94 0.540139 
75 0.423173 86 0.720955 84 0.405173 95 0.888723 
76 0.947506 87 0.937832 85 0.720955 96 0.872115 
77 0.434562 88 0.927978 86 0.937832 97 0.707469 
78 0.593412 89 0.998439 87 0.927978 98 0.620455 
79 0.533265 88 0.998439 99 0.086434 
80 0.922642 91 0.925826 
81 0.732104 92 0.737500 90 0.925826 
82 0.722365 93 0.427538 91 0.737500 
83 0.906787 94 0.082555 92 0.427538 
84 0.540139 95 0.160673 93 0.082555 
85 0.888723 96 0.253409 94 0.160673 
86 0.872115 97 0.030061 95 0.253409 
87 0.707469 98 0.649829 96 0.030061 
88 0.620455 99 0.687971 97 0.649829 
89 0.086434 98 0.687971 
