4 4
1 0.707290 4 0.610069 
2 0.596787 0 0.707290 5 0.439885 
3 0.810954 1 0.596787 6 0.177323 
2 0.810954 7 0.666688 
0 0.610069 5 0.750683 8 0.633939 
1 0.439885 6 0.067376 4 0.750683 9 0.456502 
2 0.177323 7 0.396858 5 0.067376 10 0.313559 
3 0.666688 6 0.396858 11 0.420565 
4 0.633939 9 0.045136 12 0.508278 
5 0.456502 10 0.858041 8 0.045136 13 0.279144 
6 0.313559 11 0.105429 9 0.858041 14 0.995643 
7 0.420565 10 0.105429 15 0.338242 
8 0.508278 13 0.536441 
9 0.279144 14 0.675640 12 0.536441 
10 0.995643 15 0.325609 13 0.675640 
11 0.338242 14 0.325609 
